5354 1
4292 2
4734 3
2601 4
5376 5
6850 6
9107 7
192 8
10197 9
5411 10
1778 11
3021 12
2752 13
2411 14
2439 15
412 16
10354 17
5779 18
2695 19
797 20
5472 21
9560 22
11961 23
7696 24
10635 25
10862 26
10093 27
765 28
6424 29
9204 30
4548 31
6771 32
104 33
301 34
11421 35
1510 36
5626 37
2598 38
8552 39
3904 40
5331 41
6703 42
9567 43
2013 44
11473 45
11307 46
8339 47
11690 48
2650 49
4147 50
10679 51
8308 52
7737 53
2783 54
9027 55
5699 56
2165 57
1221 58
9635 59
4845 60
9146 61
8060 62
8279 63
7318 64
9340 65
8449 66
7154 67
1287 68
2055 69
10445 70
3146 71
6495 72
7826 73
1486 74
5233 75
10196 76
3297 77
1173 78
6874 79
10601 80
11988 81
4967 82
3500 83
1277 84
406 85
5067 86
2198 87
9807 88
10118 89
10160 90
2205 91
10996 92
2979 93
1342 94
2978 95
1383 96
10903 97
5365 98
6661 99
4345 100
5354 1
4292 2
4734 3
2601 4
5376 5
6850 6
9107 7
192 8
10197 9
5411 10
1778 11
3021 12
2752 13
2411 14
2439 15
412 16
10354 17
5779 18
2695 19
797 20
5472 21
9560 22
11961 23
7696 24
10635 25
10862 26
10093 27
765 28
6424 29
9204 30
4548 31
6771 32
104 33
301 34
11421 35
1510 36
5626 37
2598 38
8552 39
3904 40
5331 41
6703 42
9567 43
2013 44
11473 45
11307 46
8339 47
11690 48
2650 49
4147 50
10679 51
8308 52
7737 53
2783 54
9027 55
5699 56
2165 57
1221 58
9635 59
4845 60
9146 61
8060 62
8279 63
7318 64
9340 65
8449 66
7154 67
1287 68
2055 69
10445 70
3146 71
6495 72
7826 73
1486 74
5233 75
10196 76
3297 77
1173 78
6874 79
10601 80
11988 81
4967 82
3500 83
1277 84
406 85
5067 86
2198 87
9807 88
10118 89
10160 90
2205 91
10996 92
2979 93
1342 94
2978 95
1383 96
10903 97
5365 98
6661 99
4345 100
